nthreads chunk time
 4 25000000 0.229232 
 3 33333333 0.256748 
 2 50000000 0.373719 
 1 100000000 0.738997 
 
nthreads chunk time
 4 250000 0.215782 
 3 333333 0.246612 
 2 500000 0.357872 
 1 1000000 0.709615 

nthreads chunk time
 4 25000 0.213390 
 3 33333 0.237656 
 2 50000 0.341576 
 1 100000 0.670828 
nthreads chunk time
 4 2500 0.208897 
 3 3333 0.240768 
 2 5000 0.344455 
 1 10000 0.670497 
nthreads chunk time
 4 250 0.236148 
 3 333 0.276894 
 2 500 0.369430 
 1 1000 0.673544 
nthreads chunk time
 4 25 0.320996 
 3 33 0.379561 
 2 50 0.438406 
 1 100 0.698982 
