1 2.000000 
2 2.500000 
3 2.900000 
4 1.000000 
5 2.000000 
6 2.500000 
7 2.900000 
8 3.244828 
9 3.553010 
10 3.834462 
11 4.095255 
12 4.339440 
13 4.569884 
14 4.788708 
15 4.997533 
16 5.197631 
17 5.390027 
18 5.575555 
19 5.754909 
20 5.928674 
21 6.097345 
22 6.261351 
23 6.421061 
24 6.576799 
25 6.728848 
26 6.877462 
27 7.022865 
28 7.165257 
29 7.304819 
30 7.441715 
31 7.576093 
32 7.708087 
33 7.837821 
34 7.965407 
35 8.090950 
36 8.214545 
37 8.336280 
38 8.456238 
39 8.574494 
40 8.691119 
41 8.806179 
42 8.919735 
43 9.031846 
44 9.142565 
45 9.251944 
46 9.360029 
47 9.466867 
48 9.572498 
49 9.676964 
50 9.780302 
51 9.882549 
52 9.983737 
53 10.083900 
54 10.183068 
55 10.281270 
56 10.378535 
57 10.474887 
58 10.570354 
59 10.664958 
60 10.758723 
61 10.851671 
62 10.943822 
63 11.035198 
64 11.125817 
65 11.215698 
66 11.304859 
67 11.393317 
68 11.481087 
69 11.568187 
70 11.654631 
71 11.740434 
72 11.825610 
73 11.910172 
74 11.994134 
75 12.077508 
76 12.160306 
77 12.242541 
78 12.324224 
79 12.405365 
80 12.485975 
81 12.566065 
82 12.645644 
83 12.724723 
84 12.803310 
85 12.881415 
86 12.959046 
87 13.036212 
88 13.112921 
89 13.189182 
90 13.265002 
91 13.340388 
92 13.415349 
93 13.489890 
94 13.564020 
95 13.637744 
96 13.711070 
97 13.784004 
98 13.856552 
99 13.928720 
100 14.000514 
